2098.3646071756143 4
2102.01136846049 12
2105.658129745365 22
2109.3048910302405 56
2112.9516523151156 127
2116.598413599991 186
2120.2451748848666 290
2123.8919361697417 393
2127.5386974546172 585
2131.1854587394923 636
2134.832220024368 704
2138.4789813092434 695
2142.1257425941185 649
2145.772503878994 590
2149.419265163869 517
2153.0660264487447 369
2156.71278773362 329
2160.3595490184953 264
2164.006310303371 240
2167.653071588246 226
2171.2998328731214 215
2174.946594157997 229
2178.593355442872 243
2182.2401167277476 226
2185.8868780126227 230
2189.533639297498 199
2193.1804005823737 176
2196.827161867249 145
2200.4739231521244 122
2204.1206844369995 155
2207.767445721875 191
2211.4142070067505 231
2215.0609682916256 258
2218.707729576501 293
2222.3544908613762 296
2226.0012521462518 287
2229.6480134311273 262
2233.2947747160024 192
2236.941536000878 192
2240.588297285753 123
2244.2350585706286 100
2247.881819855504 53
2251.528581140379 43
2255.1753424252547 32
2258.82210371013 22
2262.4688649950053 25
2266.115626279881 22
2269.762387564756 30
2273.4091488496315 34
2277.0559101345066 12
2280.702671419382 17
2284.3494327042577 16
2287.9961939891327 11
2291.6429552740083 8
2295.2897165588834 5
2298.936477843759 11
2302.5832391286344 6
2306.2300004135095 3
2309.876761698385 2
2313.52352298326 1
2317.1702842681357 3
2320.817045553011 0
2324.4638068378863 0
2328.110568122762 0
2331.757329407637 0
2335.4040906925125 1
2339.050851977388 2
2342.697613262263 3
2346.3443745471386 7
2349.9911358320137 24
2353.6378971168892 21
2357.284658401765 44
2360.93141968664 43
2364.5781809715154 63
2368.2249422563905 67
2371.871703541266 70
2375.5184648261416 42
2379.1652261110166 49
2382.811987395892 39
2386.4587486807673 26
2390.105509965643 17
2393.7522712505183 10
2397.3990325353934 10
2401.045793820269 9
2404.692555105144 5
2408.3393163900196 5
2411.986077674895 4
2415.63283895977 1
2419.2796002446457 9
2422.926361529521 5
2426.5731228143964 5
2430.219884099272 5
2433.866645384147 4
2437.5134066690225 4
2441.1601679538976 3
2444.806929238773 5
2448.453690523648 1
2452.1004518085238 2
2455.7472130933993 1
2459.3939743782744 4
