2096.142914805608 1
2099.353000542995 2
2102.5630862803814 9
2105.773172017768 18
2108.9832577551547 40
2112.1933434925418 56
2115.4034292299284 115
2118.613514967315 212
2121.8236007047017 293
2125.0336864420883 413
2128.243772179475 573
2131.4538579168616 647
2134.663943654248 796
2137.8740293916353 863
2141.084115129022 947
2144.2942008664086 1020
2147.504286603795 1055
2150.714372341182 967
2153.9244580785685 922
2157.134543815955 850
2160.3446295533417 752
2163.554715290729 642
2166.7648010281155 534
2169.974886765502 393
2173.1849725028887 303
2176.3950582402754 244
2179.605143977662 181
2182.8152297150486 144
2186.0253154524353 92
2189.235401189822 106
2192.445486927209 93
2195.6555726645956 100
2198.8656584019823 104
2202.075744139369 112
2205.2858298767555 101
2208.495915614142 139
2211.706001351529 126
2214.9160870889154 146
2218.1261728263025 144
2221.336258563689 141
2224.546344301076 152
2227.7564300384624 128
2230.966515775849 104
2234.1766015132357 84
2237.3866872506223 62
2240.596772988009 37
2243.8068587253956 36
2247.0169444627827 18
2250.2270302001693 15
2253.437115937556 9
2256.6472016749426 13
2259.8572874123292 7
2263.067373149716 13
2266.2774588871025 11
2269.4875446244896 11
2272.6976303618762 11
2275.907716099263 21
2279.1178018366495 49
2282.327887574036 72
2285.537973311423 98
2288.7480590488094 123
2291.958144786196 171
2295.1682305235827 165
2298.3783162609698 209
2301.5884019983564 209
2304.798487735743 185
2308.0085734731297 208
2311.2186592105163 174
2314.428744947903 151
2317.6388306852896 115
2320.848916422676 105
2324.059002160063 80
2327.26908789745 72
2330.4791736348366 54
2333.689259372223 49
2336.89934510961 52
2340.1094308469965 31
2343.319516584383 29
2346.5296023217697 31
2349.739688059157 26
2352.9497737965435 31
2356.15985953393 20
2359.3699452713167 24
2362.5800310087034 19
2365.79011674609 14
2369.0002024834766 13
2372.2102882208633 14
2375.42037395825 10
2378.630459695637 9
2381.8405454330236 9
2385.0506311704103 6
2388.260716907797 6
2391.4708026451835 3
2394.68088838257 2
2397.890974119957 3
2401.1010598573434 1
2404.31114559473 2
2407.521231332117 1
2410.731317069504 0
2413.9414028068904 1
